0.949308 0.853871 0.830000 0.830000 0.830000 0.830000 
4.443237 4.019313 3.889040 3.889040 3.889040 3.889040 
6.506920 5.887118 5.695372 5.695372 5.695372 5.695372 
7.726181 6.991646 6.761993 6.761993 6.761993 6.761993 
8.447010 7.639604 7.391822 7.391822 7.391822 7.391822 
8.872486 8.025777 7.763730 7.763730 7.763730 7.763730 
9.123069 8.254305 7.983338 7.983338 7.983338 7.983338 
9.272498 8.380123 8.113014 8.113014 8.113014 8.113014 
9.361353 8.451700 8.189587 8.189587 8.189587 8.189587 
9.411674 8.511708 8.234802 8.234802 8.234802 8.234802 
9.438090 8.537868 8.261501 8.261501 8.261501 8.261501 
9.453912 8.556826 8.277267 8.277267 8.277267 8.277267 
9.465984 8.563616 8.286577 8.286577 8.286577 8.286577 
9.476623 8.572490 8.292074 8.292074 8.292074 8.292074 
9.481313 8.569513 8.295320 8.295320 8.295320 8.295320 
9.482882 8.573707 8.297237 8.297237 8.297237 8.297237 
9.483007 8.587950 8.298369 8.298369 8.298369 8.298369 
9.483106 8.583878 8.299037 8.299037 8.299037 8.299037 
9.483072 8.587055 8.299432 8.299432 8.299432 8.299432 
9.483460 8.586120 8.299664 8.299664 8.299664 8.299664 
9.487374 8.576544 8.299802 8.299802 8.299802 8.299802 
9.484880 8.579473 8.299884 8.299884 8.299884 8.299884 
9.483960 8.579848 8.299932 8.299932 8.299932 8.299932 
9.484094 8.581676 8.299959 8.299959 8.299959 8.299959 
9.485040 8.578501 8.299976 8.299976 8.299976 8.299976 
9.485433 8.580187 8.299986 8.299986 8.299986 8.299986 
9.485006 8.581679 8.299992 8.299992 8.299992 8.299992 
9.486219 8.573435 8.299995 8.299995 8.299995 8.299995 
9.487552 8.565849 8.299995 8.299995 8.299995 8.299995 
9.486192 8.579112 8.299995 8.299995 8.299995 8.299995 
9.482092 8.577669 8.299995 8.299995 8.299995 8.299995 
9.479895 8.580328 8.299995 8.299995 8.299995 8.299995 
9.481327 8.577495 8.299995 8.299995 8.299995 8.299995 
9.485682 8.580685 8.299995 8.299995 8.299995 8.299995 
9.486662 8.574351 8.299995 8.299995 8.299995 8.299995 
9.486041 8.576564 8.299995 8.299995 8.299995 8.299995 
9.484872 8.589636 8.299995 8.299995 8.299995 8.299995 
9.484206 8.584874 8.299995 8.299995 8.299995 8.299995 
9.483721 8.587643 8.299995 8.299995 8.299995 8.299995 
9.483843 8.586468 8.299995 8.299995 8.299995 8.299995 
9.486372 8.580872 8.299995 8.299995 8.299995 8.299995 
9.485314 8.592293 8.299995 8.299995 8.299995 8.299995 
9.486901 8.581586 8.299995 8.299995 8.299995 8.299995 
9.484582 8.580125 8.299995 8.299995 8.299995 8.299995 
9.485421 8.581127 8.299995 8.299995 8.299995 8.299995 
9.486204 8.583412 8.299995 8.299995 8.299995 8.299995 
9.484107 8.585176 8.299995 8.299995 8.299995 8.299995 
9.486038 8.585785 8.299995 8.299995 8.299995 8.299995 
9.484703 8.582411 8.299995 8.299995 8.299995 8.299995 
9.480746 8.576215 8.299995 8.299995 8.299995 8.299995 
9.483514 8.590157 8.299995 8.299995 8.299995 8.299995 
9.488052 8.591772 8.299995 8.299995 8.299995 8.299995 
9.486372 8.580343 8.299995 8.299995 8.299995 8.299995 
9.486979 8.588349 8.299995 8.299995 8.299995 8.299995 
9.484530 8.591694 8.299995 8.299995 8.299995 8.299995 
9.483304 8.588673 8.299995 8.299995 8.299995 8.299995 
9.483574 8.589251 8.299995 8.299995 8.299995 8.299995 
9.484145 8.586378 8.299995 8.299995 8.299995 8.299995 
9.487463 8.583858 8.299995 8.299995 8.299995 8.299995 
9.486605 8.584596 8.299995 8.299995 8.299995 8.299995 
9.486145 8.584023 8.299995 8.299995 8.299995 8.299995 
9.485181 8.594151 8.299995 8.299995 8.299995 8.299995 
9.486823 8.582683 8.299995 8.299995 8.299995 8.299995 
9.484535 8.580772 8.299995 8.299995 8.299995 8.299995 
9.485393 8.581509 8.299995 8.299995 8.299995 8.299995 
9.486187 8.583638 8.299995 8.299995 8.299995 8.299995 
9.484097 8.585310 8.299995 8.299995 8.299995 8.299995 
9.486032 8.585863 8.299995 8.299995 8.299995 8.299995 
9.484699 8.582457 8.299995 8.299995 8.299995 8.299995 
9.480742 8.576242 8.299995 8.299995 8.299995 8.299995 
9.483513 8.590172 8.299995 8.299995 8.299995 8.299995 
9.488051 8.591781 8.299995 8.299995 8.299995 8.299995 
9.486372 8.580351 8.299995 8.299995 8.299995 8.299995 
9.486979 8.588355 8.299995 8.299995 8.299995 8.299995 
9.484530 8.591698 8.299995 8.299995 8.299995 8.299995 
9.483304 8.588675 8.299995 8.299995 8.299995 8.299995 
9.483574 8.589252 8.299995 8.299995 8.299995 8.299995 
9.484145 8.586380 8.299995 8.299995 8.299995 8.299995 
9.487463 8.583860 8.299995 8.299995 8.299995 8.299995 
9.486605 8.584596 8.299995 8.299995 8.299995 8.299995 
9.488414 8.583572 8.299995 8.299995 8.299995 8.299995 
9.487209 8.578707 8.299995 8.299995 8.299995 8.299995 
9.484972 8.581744 8.299995 8.299995 8.299995 8.299995 
9.486568 8.582180 8.299995 8.299995 8.299995 8.299995 
9.483533 8.577854 8.299995 8.299995 8.299995 8.299995 
9.481542 8.583547 8.299995 8.299995 8.299995 8.299995 
9.484095 8.591285 8.299995 8.299995 8.299995 8.299995 
9.484773 8.588456 8.299995 8.299995 8.299995 8.299995 
9.483759 8.577485 8.299995 8.299995 8.299995 8.299995 
9.483281 8.587253 8.299995 8.299995 8.299995 8.299995 
9.482089 8.592763 8.299995 8.299995 8.299995 8.299995 
9.482634 8.589340 8.299995 8.299995 8.299995 8.299995 
9.482223 8.586523 8.299995 8.299995 8.299995 8.299995 
9.482661 8.585409 8.299995 8.299995 8.299995 8.299995 
9.483433 8.582293 8.299995 8.299995 8.299995 8.299995 
9.482371 8.572998 8.299995 8.299995 8.299995 8.299995 
9.485750 8.580737 8.299995 8.299995 8.299995 8.299995 
9.482469 8.585549 8.299995 8.299995 8.299995 8.299995 
9.486937 8.579452 8.299995 8.299995 8.299995 8.299995 
9.487237 8.582299 8.299995 8.299995 8.299995 8.299995 
9.487330 8.582251 8.299995 8.299995 8.299995 8.299995 
9.486570 8.577927 8.299995 8.299995 8.299995 8.299995 
9.484595 8.581283 8.299995 8.299995 8.299995 8.299995 
9.486347 8.581909 8.299995 8.299995 8.299995 8.299995 
9.483402 8.577693 8.299995 8.299995 8.299995 8.299995 
9.481464 8.583450 8.299995 8.299995 8.299995 8.299995 
9.484049 8.591227 8.299995 8.299995 8.299995 8.299995 
9.484745 8.588422 8.299995 8.299995 8.299995 8.299995 
9.483743 8.577465 8.299995 8.299995 8.299995 8.299995 
9.483272 8.587241 8.299995 8.299995 8.299995 8.299995 
9.482083 8.592756 8.299995 8.299995 8.299995 8.299995 
9.482630 8.589336 8.299995 8.299995 8.299995 8.299995 
9.482220 8.586521 8.299995 8.299995 8.299995 8.299995 
9.482658 8.585407 8.299995 8.299995 8.299995 8.299995 
9.483431 8.582292 8.299995 8.299995 8.299995 8.299995 
9.482370 8.572998 8.299995 8.299995 8.299995 8.299995 
9.485750 8.580737 8.299995 8.299995 8.299995 8.299995 
9.482469 8.585549 8.299995 8.299995 8.299995 8.299995 
9.486937 8.579452 8.299995 8.299995 8.299995 8.299995 
9.487237 8.582299 8.299995 8.299995 8.299995 8.299995 
9.485050 8.585202 8.299995 8.299995 8.299995 8.299995 
9.486699 8.584451 8.299995 8.299995 8.299995 8.299995 
9.483212 8.583324 8.299995 8.299995 8.299995 8.299995 
9.481409 8.579875 8.299995 8.299995 8.299995 8.299995 
9.481621 8.588222 8.299995 8.299995 8.299995 8.299995 
9.482428 8.590902 8.299995 8.299995 8.299995 8.299995 
9.480427 8.587852 8.299995 8.299995 8.299995 8.299995 
9.484279 8.587686 8.299995 8.299995 8.299995 8.299995 
9.484625 8.583053 8.299995 8.299995 8.299995 8.299995 
9.482727 8.583980 8.299995 8.299995 8.299995 8.299995 
9.485847 8.573198 8.299995 8.299995 8.299995 8.299995 
9.483727 8.579075 8.299995 8.299995 8.299995 8.299995 
9.484769 8.579301 8.299995 8.299995 8.299995 8.299995 
9.482669 8.586037 8.299995 8.299995 8.299995 8.299995 
9.481451 8.589579 8.299995 8.299995 8.299995 8.299995 
9.482435 8.590456 8.299995 8.299995 8.299995 8.299995 
9.482102 8.595821 8.299995 8.299995 8.299995 8.299995 
9.482205 8.597624 8.299995 8.299995 8.299995 8.299995 
9.483541 8.595892 8.299995 8.299995 8.299995 8.299995 
9.483627 8.597536 8.299995 8.299995 8.299995 8.299995 
9.482248 8.593843 8.299995 8.299995 8.299995 8.299995 
9.485044 8.589553 8.299995 8.299995 8.299995 8.299995 
9.482234 8.586337 8.299995 8.299995 8.299995 8.299995 
9.480833 8.581655 8.299995 8.299995 8.299995 8.299995 
9.481281 8.589272 8.299995 8.299995 8.299995 8.299995 
9.482227 8.591524 8.299995 8.299995 8.299995 8.299995 
9.480309 8.588221 8.299995 8.299995 8.299995 8.299995 
9.484209 8.587903 8.299995 8.299995 8.299995 8.299995 
9.484583 8.583181 8.299995 8.299995 8.299995 8.299995 
9.482702 8.584056 8.299995 8.299995 8.299995 8.299995 
9.485832 8.573244 8.299995 8.299995 8.299995 8.299995 
9.483718 8.579101 8.299995 8.299995 8.299995 8.299995 
9.484764 8.579317 8.299995 8.299995 8.299995 8.299995 
9.482667 8.586046 8.299995 8.299995 8.299995 8.299995 
9.481449 8.589584 8.299995 8.299995 8.299995 8.299995 
9.482433 8.590458 8.299995 8.299995 8.299995 8.299995 
9.482100 8.595823 8.299995 8.299995 8.299995 8.299995 
9.482204 8.597625 8.299995 8.299995 8.299995 8.299995 
9.483541 8.595892 8.299995 8.299995 8.299995 8.299995 
9.483627 8.597536 8.299995 8.299995 8.299995 8.299995 
9.482182 8.590412 8.299995 8.299995 8.299995 8.299995 
9.482091 8.585028 8.299995 8.299995 8.299995 8.299995 
9.484761 8.580800 8.299995 8.299995 8.299995 8.299995 
9.484598 8.585124 8.299995 8.299995 8.299995 8.299995 
9.483852 8.593779 8.299995 8.299995 8.299995 8.299995 
9.482999 8.589271 8.299995 8.299995 8.299995 8.299995 
9.483232 8.587976 8.299995 8.299995 8.299995 8.299995 
9.484733 8.579683 8.299995 8.299995 8.299995 8.299995 
9.487896 8.588024 8.299995 8.299995 8.299995 8.299995 
9.485474 8.577291 8.299995 8.299995 8.299995 8.299995 
9.484274 8.588122 8.299995 8.299995 8.299995 8.299995 
9.482738 8.587017 8.299995 8.299995 8.299995 8.299995 
9.483749 8.587240 8.299995 8.299995 8.299995 8.299995 
9.482808 8.582449 8.299995 8.299995 8.299995 8.299995 
9.482436 8.578539 8.299995 8.299995 8.299995 8.299995 
9.484450 8.577272 8.299995 8.299995 8.299995 8.299995 
9.486550 8.576163 8.299995 8.299995 8.299995 8.299995 
9.486565 8.588075 8.299995 8.299995 8.299995 8.299995 
9.487082 8.576406 8.299995 8.299995 8.299995 8.299995 
9.485096 8.578457 8.299995 8.299995 8.299995 8.299995 
9.482740 8.580401 8.299995 8.299995 8.299995 8.299995 
9.481262 8.593849 8.299995 8.299995 8.299995 8.299995 
9.481776 8.579490 8.299995 8.299995 8.299995 8.299995 
9.484144 8.579827 8.299995 8.299995 8.299995 8.299995 
9.483648 8.578341 8.299995 8.299995 8.299995 8.299995 
9.482747 8.577542 8.299995 8.299995 8.299995 8.299995 
9.481856 8.568667 8.299995 8.299995 8.299995 8.299995 
9.480762 8.582122 8.299995 8.299995 8.299995 8.299995 
9.482057 8.585757 8.299995 8.299995 8.299995 8.299995 
9.484489 8.592131 8.299995 8.299995 8.299995 8.299995 
9.482129 8.584648 8.299995 8.299995 8.299995 8.299995 
9.479389 8.582478 8.299995 8.299995 8.299995 8.299995 
9.482018 8.578087 8.299995 8.299995 8.299995 8.299995 
9.480940 8.573020 8.299995 8.299995 8.299995 8.299995 
9.481715 8.575977 8.299995 8.299995 8.299995 8.299995 
9.481353 8.578582 8.299995 8.299995 8.299995 8.299995 
9.482553 8.587536 8.299995 8.299995 8.299995 8.299995 
9.481198 8.580670 8.299995 8.299995 8.299995 8.299995 
9.480222 8.586111 8.299995 8.299995 8.299995 8.299995 
9.480534 8.581933 8.299995 8.299995 8.299995 8.299995 
9.481215 8.575723 8.299995 8.299995 8.299995 8.299995 
9.482575 8.585454 8.299995 8.299995 8.299995 8.299995 
9.480899 8.583640 8.299995 8.299995 8.299995 8.299995 
9.479452 8.585934 8.299995 8.299995 8.299995 8.299995 
9.481724 8.587404 8.299995 8.299995 8.299995 8.299995 
9.481696 8.592937 8.299995 8.299995 8.299995 8.299995 
9.483899 8.589951 8.299995 8.299995 8.299995 8.299995 
9.484397 8.582154 8.299995 8.299995 8.299995 8.299995 
9.485251 8.588535 8.299995 8.299995 8.299995 8.299995 
9.484376 8.582946 8.299995 8.299995 8.299995 8.299995 
9.485309 8.576349 8.299995 8.299995 8.299995 8.299995 
9.482105 8.583735 8.299995 8.299995 8.299995 8.299995 
9.481102 8.579659 8.299995 8.299995 8.299995 8.299995 
9.481930 8.574827 8.299995 8.299995 8.299995 8.299995 
9.479921 8.579071 8.299995 8.299995 8.299995 8.299995 
9.480330 8.579020 8.299995 8.299995 8.299995 8.299995 
9.480750 8.583229 8.299995 8.299995 8.299995 8.299995 
9.479821 8.583556 8.299995 8.299995 8.299995 8.299995 
9.480616 8.576688 8.299995 8.299995 8.299995 8.299995 
9.483233 8.582779 8.299995 8.299995 8.299995 8.299995 
9.482068 8.576885 8.299995 8.299995 8.299995 8.299995 
9.483079 8.586140 8.299995 8.299995 8.299995 8.299995 
9.481196 8.584046 8.299995 8.299995 8.299995 8.299995 
9.479629 8.586174 8.299995 8.299995 8.299995 8.299995 
9.481828 8.587546 8.299995 8.299995 8.299995 8.299995 
9.481757 8.593020 8.299995 8.299995 8.299995 8.299995 
9.483934 8.590000 8.299995 8.299995 8.299995 8.299995 
9.484418 8.582184 8.299995 8.299995 8.299995 8.299995 
9.485264 8.588552 8.299995 8.299995 8.299995 8.299995 
9.484384 8.582956 8.299995 8.299995 8.299995 8.299995 
9.485312 8.576356 8.299995 8.299995 8.299995 8.299995 
9.482107 8.583738 8.299995 8.299995 8.299995 8.299995 
9.481104 8.579660 8.299995 8.299995 8.299995 8.299995 
9.481931 8.574827 8.299995 8.299995 8.299995 8.299995 
9.479922 8.579071 8.299995 8.299995 8.299995 8.299995 
9.480330 8.579020 8.299995 8.299995 8.299995 8.299995 
9.480750 8.583229 8.299995 8.299995 8.299995 8.299995 
9.479821 8.583556 8.299995 8.299995 8.299995 8.299995 
9.480616 8.576688 8.299995 8.299995 8.299995 8.299995 
9.483233 8.582779 8.299995 8.299995 8.299995 8.299995 
9.482872 8.583177 8.299995 8.299995 8.299995 8.299995 
9.484338 8.581245 8.299995 8.299995 8.299995 8.299995 
9.482157 8.583657 8.299995 8.299995 8.299995 8.299995 
9.482405 8.586626 8.299995 8.299995 8.299995 8.299995 
9.480496 8.567786 8.299995 8.299995 8.299995 8.299995 
9.483657 8.564307 8.299995 8.299995 8.299995 8.299995 
9.484598 8.571865 8.299995 8.299995 8.299995 8.299995 
9.481788 8.581755 8.299995 8.299995 8.299995 8.299995 
9.482412 8.584583 8.299995 8.299995 8.299995 8.299995 
9.480871 8.580152 8.299995 8.299995 8.299995 8.299995 
9.482625 8.576372 8.299995 8.299995 8.299995 8.299995 
9.482885 8.572599 8.299995 8.299995 8.299995 8.299995 
9.480313 8.574854 8.299995 8.299995 8.299995 8.299995 
9.480727 8.570244 8.299995 8.299995 8.299995 8.299995 
9.481287 8.574333 8.299995 8.299995 8.299995 8.299995 
9.482044 8.571292 8.299995 8.299995 8.299995 8.299995 
9.480536 8.572514 8.299995 8.299995 8.299995 8.299995 
9.484148 8.580992 8.299995 8.299995 8.299995 8.299995 
9.480927 8.580681 8.299995 8.299995 8.299995 8.299995 
9.481285 8.579163 8.299995 8.299995 8.299995 8.299995 
9.480972 8.583899 8.299995 8.299995 8.299995 8.299995 
9.483215 8.581673 8.299995 8.299995 8.299995 8.299995 
9.481493 8.583909 8.299995 8.299995 8.299995 8.299995 
9.482014 8.586774 8.299995 8.299995 8.299995 8.299995 
9.480267 8.567873 8.299995 8.299995 8.299995 8.299995 
9.483521 8.564359 8.299995 8.299995 8.299995 8.299995 
9.484519 8.571897 8.299995 8.299995 8.299995 8.299995 
9.481742 8.581772 8.299995 8.299995 8.299995 8.299995 
9.482385 8.584594 8.299995 8.299995 8.299995 8.299995 
9.480855 8.580158 8.299995 8.299995 8.299995 8.299995 
9.482615 8.576376 8.299995 8.299995 8.299995 8.299995 
9.482880 8.572601 8.299995 8.299995 8.299995 8.299995 
9.480309 8.574855 8.299995 8.299995 8.299995 8.299995 
9.480725 8.570245 8.299995 8.299995 8.299995 8.299995 
9.481285 8.574333 8.299995 8.299995 8.299995 8.299995 
9.482042 8.571292 8.299995 8.299995 8.299995 8.299995 
9.480535 8.572514 8.299995 8.299995 8.299995 8.299995 
9.484148 8.580992 8.299995 8.299995 8.299995 8.299995 
9.480927 8.580681 8.299995 8.299995 8.299995 8.299995 
9.481285 8.579163 8.299995 8.299995 8.299995 8.299995 
9.480959 8.583182 8.299995 8.299995 8.299995 8.299995 
9.483927 8.591555 8.299995 8.299995 8.299995 8.299995 
9.486456 8.594060 8.299995 8.299995 8.299995 8.299995 
9.484858 8.593384 8.299995 8.299995 8.299995 8.299995 
9.482091 8.591484 8.299995 8.299995 8.299995 8.299995 
9.480028 8.602936 8.299995 8.299995 8.299995 8.299995 
9.481527 8.588694 8.299995 8.299995 8.299995 8.299995 
9.481454 8.585696 8.299995 8.299995 8.299995 8.299995 
9.481067 8.588324 8.299995 8.299995 8.299995 8.299995 
9.481419 8.581543 8.299995 8.299995 8.299995 8.299995 
9.482162 8.578382 8.299995 8.299995 8.299995 8.299995 
9.482610 8.582143 8.299995 8.299995 8.299995 8.299995 
9.482034 8.588422 8.299995 8.299995 8.299995 8.299995 
9.485419 8.587553 8.299995 8.299995 8.299995 8.299995 
9.487339 8.582770 8.299995 8.299995 8.299995 8.299995 
9.486050 8.577621 8.299995 8.299995 8.299995 8.299995 
9.483479 8.585025 8.299995 8.299995 8.299995 8.299995 
9.483374 8.587235 8.299995 8.299995 8.299995 8.299995 
9.481177 8.577223 8.299995 8.299995 8.299995 8.299995 
9.482391 8.578550 8.299995 8.299995 8.299995 8.299995 
9.480273 8.579401 8.299995 8.299995 8.299995 8.299995 
9.483522 8.589322 8.299995 8.299995 8.299995 8.299995 
9.486217 8.592741 8.299995 8.299995 8.299995 8.299995 
9.484717 8.592606 8.299995 8.299995 8.299995 8.299995 
9.482008 8.591024 8.299995 8.299995 8.299995 8.299995 
9.479980 8.602665 8.299995 8.299995 8.299995 8.299995 
9.481499 8.588534 8.299995 8.299995 8.299995 8.299995 
9.481438 8.585602 8.299995 8.299995 8.299995 8.299995 
9.481057 8.588266 8.299995 8.299995 8.299995 8.299995 
9.481413 8.581510 8.299995 8.299995 8.299995 8.299995 
9.482160 8.578362 8.299995 8.299995 8.299995 8.299995 
9.482609 8.582129 8.299995 8.299995 8.299995 8.299995 
9.482033 8.588415 8.299995 8.299995 8.299995 8.299995 
9.485418 8.587548 8.299995 8.299995 8.299995 8.299995 
9.487339 8.582767 8.299995 8.299995 8.299995 8.299995 
9.486050 8.577620 8.299995 8.299995 8.299995 8.299995 
9.483479 8.585024 8.299995 8.299995 8.299995 8.299995 
9.483374 8.587234 8.299995 8.299995 8.299995 8.299995 
9.481177 8.577222 8.299995 8.299995 8.299995 8.299995 
9.482391 8.578549 8.299995 8.299995 8.299995 8.299995 
9.479847 8.575685 8.299995 8.299995 8.299995 8.299995 
9.480928 8.575026 8.299995 8.299995 8.299995 8.299995 
9.478565 8.569574 8.299995 8.299995 8.299995 8.299995 
9.478279 8.581208 8.299995 8.299995 8.299995 8.299995 
9.480103 8.581240 8.299995 8.299995 8.299995 8.299995 
9.481974 8.577620 8.299995 8.299995 8.299995 8.299995 
9.482924 8.584182 8.299995 8.299995 8.299995 8.299995 
9.479262 8.585963 8.299995 8.299995 8.299995 8.299995 
9.482439 8.585391 8.299995 8.299995 8.299995 8.299995 
9.482104 8.599524 8.299995 8.299995 8.299995 8.299995 
9.481685 8.599281 8.299995 8.299995 8.299995 8.299995 
9.483603 8.601223 8.299995 8.299995 8.299995 8.299995 
9.485580 8.600037 8.299995 8.299995 8.299995 8.299995 
9.485022 8.592752 8.299995 8.299995 8.299995 8.299995 
9.480451 8.589905 8.299995 8.299995 8.299995 8.299995 
9.481597 8.594721 8.299995 8.299995 8.299995 8.299995 
9.481215 8.580364 8.299995 8.299995 8.299995 8.299995 
9.482224 8.587247 8.299995 8.299995 8.299995 8.299995 
9.481198 8.593252 8.299995 8.299995 8.299995 8.299995 
9.482269 8.589932 8.299995 8.299995 8.299995 8.299995 
9.482583 8.591958 8.299995 8.299995 8.299995 8.299995 
9.482543 8.584634 8.299995 8.299995 8.299995 8.299995 
9.479519 8.575248 8.299995 8.299995 8.299995 8.299995 
9.478842 8.584558 8.299995 8.299995 8.299995 8.299995 
9.480436 8.583219 8.299995 8.299995 8.299995 8.299995 
9.482170 8.578787 8.299995 8.299995 8.299995 8.299995 
9.483039 8.584870 8.299995 8.299995 8.299995 8.299995 
9.479331 8.586370 8.299995 8.299995 8.299995 8.299995 
9.482478 8.585630 8.299995 8.299995 8.299995 8.299995 
9.482127 8.599667 8.299995 8.299995 8.299995 8.299995 
9.481698 8.599365 8.299995 8.299995 8.299995 8.299995 
9.483612 8.601274 8.299995 8.299995 8.299995 8.299995 
9.485585 8.600067 8.299995 8.299995 8.299995 8.299995 
9.485024 8.592771 8.299995 8.299995 8.299995 8.299995 
9.480452 8.589915 8.299995 8.299995 8.299995 8.299995 
9.481598 8.594726 8.299995 8.299995 8.299995 8.299995 
9.481215 8.580368 8.299995 8.299995 8.299995 8.299995 
9.482224 8.587250 8.299995 8.299995 8.299995 8.299995 
9.481198 8.593255 8.299995 8.299995 8.299995 8.299995 
9.482269 8.589932 8.299995 8.299995 8.299995 8.299995 
9.483483 8.590887 8.299995 8.299995 8.299995 8.299995 
9.485316 8.594764 8.299995 8.299995 8.299995 8.299995 
9.483289 8.587265 8.299995 8.299995 8.299995 8.299995 
9.479292 8.581995 8.299995 8.299995 8.299995 8.299995 
9.480729 8.580792 8.299995 8.299995 8.299995 8.299995 
9.480692 8.574757 8.299995 8.299995 8.299995 8.299995 
9.477652 8.570116 8.299995 8.299995 8.299995 8.299995 
9.475797 8.577712 8.299995 8.299995 8.299995 8.299995 
9.477449 8.578497 8.299995 8.299995 8.299995 8.299995 
9.481287 8.583234 8.299995 8.299995 8.299995 8.299995 
9.478392 8.586289 8.299995 8.299995 8.299995 8.299995 
9.475908 8.582002 8.299995 8.299995 8.299995 8.299995 
9.480221 8.584133 8.299995 8.299995 8.299995 8.299995 
9.481681 8.588287 8.299995 8.299995 8.299995 8.299995 
9.479231 8.578956 8.299995 8.299995 8.299995 8.299995 
9.477125 8.592327 8.299995 8.299995 8.299995 8.299995 
9.478892 8.583638 8.299995 8.299995 8.299995 8.299995 
9.479948 8.578225 8.299995 8.299995 8.299995 8.299995 
9.480258 8.572474 8.299995 8.299995 8.299995 8.299995 
9.477671 8.578207 8.299995 8.299995 8.299995 8.299995 
9.480725 8.572809 8.299995 8.299995 8.299995 8.299995 
9.483687 8.584090 8.299995 8.299995 8.299995 8.299995 
9.482326 8.580962 8.299995 8.299995 8.299995 8.299995 
9.478723 8.578273 8.299995 8.299995 8.299995 8.299995 
9.480392 8.578596 8.299995 8.299995 8.299995 8.299995 
9.480492 8.573460 8.299995 8.299995 8.299995 8.299995 
9.477534 8.569350 8.299995 8.299995 8.299995 8.299995 
9.475728 8.577261 8.299995 8.299995 8.299995 8.299995 
9.477409 8.578231 8.299995 8.299995 8.299995 8.299995 
9.481264 8.583077 8.299995 8.299995 8.299995 8.299995 
9.478378 8.586197 8.299995 8.299995 8.299995 8.299995 
9.475901 8.581946 8.299995 8.299995 8.299995 8.299995 
9.480217 8.584101 8.299995 8.299995 8.299995 8.299995 
9.481678 8.588269 8.299995 8.299995 8.299995 8.299995 
9.479230 8.578944 8.299995 8.299995 8.299995 8.299995 
9.477124 8.592321 8.299995 8.299995 8.299995 8.299995 
9.478892 8.583633 8.299995 8.299995 8.299995 8.299995 
9.479948 8.578222 8.299995 8.299995 8.299995 8.299995 
9.480258 8.572473 8.299995 8.299995 8.299995 8.299995 
9.477671 8.578206 8.299995 8.299995 8.299995 8.299995 
9.479599 8.574968 8.299995 8.299995 8.299995 8.299995 
9.480445 8.570643 8.299995 8.299995 8.299995 8.299995 
9.480452 8.580852 8.299995 8.299995 8.299995 8.299995 
9.481204 8.581194 8.299995 8.299995 8.299995 8.299995 
9.480050 8.574058 8.299995 8.299995 8.299995 8.299995 
9.478856 8.576777 8.299995 8.299995 8.299995 8.299995 
9.480620 8.588135 8.299995 8.299995 8.299995 8.299995 
9.481153 8.589601 8.299995 8.299995 8.299995 8.299995 
9.479795 8.598235 8.299995 8.299995 8.299995 8.299995 
9.477726 8.590078 8.299995 8.299995 8.299995 8.299995 
9.478242 8.585373 8.299995 8.299995 8.299995 8.299995 
9.480460 8.581076 8.299995 8.299995 8.299995 8.299995 
9.479977 8.581025 8.299995 8.299995 8.299995 8.299995 
9.478374 8.583171 8.299995 8.299995 8.299995 8.299995 
9.480637 8.588037 8.299995 8.299995 8.299995 8.299995 
9.480619 8.584637 8.299995 8.299995 8.299995 8.299995 
9.478298 8.593137 8.299995 8.299995 8.299995 8.299995 
9.479774 8.580175 8.299995 8.299995 8.299995 8.299995 
9.479792 8.579871 8.299995 8.299995 8.299995 8.299995 
9.478992 8.582110 8.299995 8.299995 8.299995 8.299995 
9.478137 8.584961 8.299995 8.299995 8.299995 8.299995 
9.479581 8.576545 8.299995 8.299995 8.299995 8.299995 
9.479941 8.584336 8.299995 8.299995 8.299995 8.299995 
9.480902 8.583251 8.299995 8.299995 8.299995 8.299995 
9.479872 8.575272 8.299995 8.299995 8.299995 8.299995 
9.478751 8.577495 8.299995 8.299995 8.299995 8.299995 
9.480559 8.588559 8.299995 8.299995 8.299995 8.299995 
9.481117 8.589850 8.299995 8.299995 8.299995 8.299995 
9.479774 8.598383 8.299995 8.299995 8.299995 8.299995 
9.477712 8.590165 8.299995 8.299995 8.299995 8.299995 
9.478234 8.585424 8.299995 8.299995 8.299995 8.299995 
9.480455 8.581106 8.299995 8.299995 8.299995 8.299995 
9.479975 8.581044 8.299995 8.299995 8.299995 8.299995 
9.478373 8.583182 8.299995 8.299995 8.299995 8.299995 
9.480637 8.588043 8.299995 8.299995 8.299995 8.299995 
9.480619 8.584641 8.299995 8.299995 8.299995 8.299995 
9.478298 8.593138 8.299995 8.299995 8.299995 8.299995 
9.479774 8.580176 8.299995 8.299995 8.299995 8.299995 
9.479792 8.579872 8.299995 8.299995 8.299995 8.299995 
9.478992 8.582111 8.299995 8.299995 8.299995 8.299995 
9.478060 8.581655 8.299995 8.299995 8.299995 8.299995 
9.477980 8.582050 8.299995 8.299995 8.299995 8.299995 
9.481351 8.580045 8.299995 8.299995 8.299995 8.299995 
9.482628 8.576673 8.299995 8.299995 8.299995 8.299995 
9.484733 8.576770 8.299995 8.299995 8.299995 8.299995 
9.481013 8.579799 8.299995 8.299995 8.299995 8.299995 
9.480011 8.582374 8.299995 8.299995 8.299995 8.299995 
9.481089 8.582502 8.299995 8.299995 8.299995 8.299995 
9.481562 8.584570 8.299995 8.299995 8.299995 8.299995 
9.481791 8.582788 8.299995 8.299995 8.299995 8.299995 
9.486856 8.583821 8.299995 8.299995 8.299995 8.299995 
9.487051 8.582788 8.299995 8.299995 8.299995 8.299995 
9.481870 8.582088 8.299995 8.299995 8.299995 8.299995 
9.480221 8.590702 8.299995 8.299995 8.299995 8.299995 
9.480060 8.585837 8.299995 8.299995 8.299995 8.299995 
9.479944 8.581102 8.299995 8.299995 8.299995 8.299995 
9.482054 8.580303 8.299995 8.299995 8.299995 8.299995 
9.482369 8.588684 8.299995 8.299995 8.299995 8.299995 
9.480874 8.599581 8.299995 8.299995 8.299995 8.299995 
9.480011 8.595514 8.299995 8.299995 8.299995 8.299995 
9.479539 8.587361 8.299995 8.299995 8.299995 8.299995 
9.478853 8.585421 8.299995 8.299995 8.299995 8.299995 
9.481866 8.582034 8.299995 8.299995 8.299995 8.299995 
9.482932 8.577848 8.299995 8.299995 8.299995 8.299995 
9.484912 8.577464 8.299995 8.299995 8.299995 8.299995 
9.481119 8.580208 8.299995 8.299995 8.299995 8.299995 
9.480074 8.582616 8.299995 8.299995 8.299995 8.299995 
9.481126 8.582646 8.299995 8.299995 8.299995 8.299995 
9.481584 8.584656 8.299995 8.299995 8.299995 8.299995 
9.481804 8.582839 8.299995 8.299995 8.299995 8.299995 
9.486863 8.583852 8.299995 8.299995 8.299995 8.299995 
9.487057 8.582805 8.299995 8.299995 8.299995 8.299995 
9.481874 8.582101 8.299995 8.299995 8.299995 8.299995 
9.480224 8.590710 8.299995 8.299995 8.299995 8.299995 
9.480062 8.585840 8.299995 8.299995 8.299995 8.299995 
9.479945 8.581105 8.299995 8.299995 8.299995 8.299995 
9.482055 8.580305 8.299995 8.299995 8.299995 8.299995 
9.482370 8.588685 8.299995 8.299995 8.299995 8.299995 
9.480875 8.599582 8.299995 8.299995 8.299995 8.299995 
9.480012 8.595515 8.299995 8.299995 8.299995 8.299995 
9.479510 8.589396 8.299995 8.299995 8.299995 8.299995 
9.478817 8.581470 8.299995 8.299995 8.299995 8.299995 
9.477899 8.580612 8.299995 8.299995 8.299995 8.299995 
9.481179 8.583479 8.299995 8.299995 8.299995 8.299995 
9.479397 8.591337 8.299995 8.299995 8.299995 8.299995 
9.479678 8.585714 8.299995 8.299995 8.299995 8.299995 
9.481433 8.570853 8.299995 8.299995 8.299995 8.299995 
9.480454 8.578642 8.299995 8.299995 8.299995 8.299995 
9.481974 8.586748 8.299995 8.299995 8.299995 8.299995 
9.480987 8.587080 8.299995 8.299995 8.299995 8.299995 
9.483035 8.587288 8.299995 8.299995 8.299995 8.299995 
9.483007 8.586838 8.299995 8.299995 8.299995 8.299995 
9.480938 8.584120 8.299995 8.299995 8.299995 8.299995 
9.478355 8.587487 8.299995 8.299995 8.299995 8.299995 
9.479342 8.585268 8.299995 8.299995 8.299995 8.299995 
9.479475 8.581796 8.299995 8.299995 8.299995 8.299995 
9.481018 8.580337 8.299995 8.299995 8.299995 8.299995 
9.480405 8.581275 8.299995 8.299995 8.299995 8.299995 
9.480651 8.586632 8.299995 8.299995 8.299995 8.299995 
9.479486 8.592161 8.299995 8.299995 8.299995 8.299995 
9.479561 8.580952 8.299995 8.299995 8.299995 8.299995 
9.478848 8.576485 8.299995 8.299995 8.299995 8.299995 
9.477917 8.577668 8.299995 8.299995 8.299995 8.299995 
9.481190 8.581741 8.299995 8.299995 8.299995 8.299995 
9.479403 8.590311 8.299995 8.299995 8.299995 8.299995 
9.479682 8.585108 8.299995 8.299995 8.299995 8.299995 
9.481436 8.570496 8.299995 8.299995 8.299995 8.299995 
9.480455 8.578431 8.299995 8.299995 8.299995 8.299995 
9.481975 8.586625 8.299995 8.299995 8.299995 8.299995 
9.480988 8.587008 8.299995 8.299995 8.299995 8.299995 
9.483036 8.587245 8.299995 8.299995 8.299995 8.299995 
9.483008 8.586812 8.299995 8.299995 8.299995 8.299995 
9.480939 8.584105 8.299995 8.299995 8.299995 8.299995 
9.478356 8.587478 8.299995 8.299995 8.299995 8.299995 
9.479343 8.585262 8.299995 8.299995 8.299995 8.299995 
9.479476 8.581792 8.299995 8.299995 8.299995 8.299995 
9.481019 8.580335 8.299995 8.299995 8.299995 8.299995 
9.480406 8.581275 8.299995 8.299995 8.299995 8.299995 
9.480651 8.586632 8.299995 8.299995 8.299995 8.299995 
9.479486 8.592161 8.299995 8.299995 8.299995 8.299995 
9.479816 8.580454 8.299995 8.299995 8.299995 8.299995 
9.477590 8.578451 8.299995 8.299995 8.299995 8.299995 
9.476223 8.588483 8.299995 8.299995 8.299995 8.299995 
9.477705 8.581339 8.299995 8.299995 8.299995 8.299995 
9.478930 8.590664 8.299995 8.299995 8.299995 8.299995 
9.478105 8.590556 8.299995 8.299995 8.299995 8.299995 
9.479285 8.583165 8.299995 8.299995 8.299995 8.299995 
9.477757 8.580554 8.299995 8.299995 8.299995 8.299995 
9.479611 8.591464 8.299995 8.299995 8.299995 8.299995 
9.478975 8.594166 8.299995 8.299995 8.299995 8.299995 
9.479979 8.588224 8.299995 8.299995 8.299995 8.299995 
9.478814 8.586910 8.299995 8.299995 8.299995 8.299995 
9.479548 8.588329 8.299995 8.299995 8.299995 8.299995 
9.480052 8.588205 8.299995 8.299995 8.299995 8.299995 
9.481658 8.581293 8.299995 8.299995 8.299995 8.299995 
9.479738 8.580997 8.299995 8.299995 8.299995 8.299995 
9.481109 8.575975 8.299995 8.299995 8.299995 8.299995 
9.482232 8.588437 8.299995 8.299995 8.299995 8.299995 
9.482452 8.586873 8.299995 8.299995 8.299995 8.299995 
9.481311 8.585378 8.299995 8.299995 8.299995 8.299995 
9.483727 8.581858 8.299995 8.299995 8.299995 8.299995 
9.479898 8.579282 8.299995 8.299995 8.299995 8.299995 
9.477586 8.588974 8.299995 8.299995 8.299995 8.299995 
9.478510 8.581627 8.299995 8.299995 8.299995 8.299995 
9.479404 8.590836 8.299995 8.299995 8.299995 8.299995 
9.478383 8.590657 8.299995 8.299995 8.299995 8.299995 
9.479450 8.583224 8.299995 8.299995 8.299995 8.299995 
9.477855 8.580589 8.299995 8.299995 8.299995 8.299995 
9.479670 8.591483 8.299995 8.299995 8.299995 8.299995 
9.479010 8.594175 8.299995 8.299995 8.299995 8.299995 
9.479998 8.588230 8.299995 8.299995 8.299995 8.299995 
9.478826 8.586914 8.299995 8.299995 8.299995 8.299995 
9.479556 8.588331 8.299995 8.299995 8.299995 8.299995 
9.480057 8.588206 8.299995 8.299995 8.299995 8.299995 
9.481660 8.581293 8.299995 8.299995 8.299995 8.299995 
9.479739 8.580997 8.299995 8.299995 8.299995 8.299995 
9.481110 8.575975 8.299995 8.299995 8.299995 8.299995 
9.482232 8.588437 8.299995 8.299995 8.299995 8.299995 
9.482452 8.586873 8.299995 8.299995 8.299995 8.299995 
9.481311 8.585378 8.299995 8.299995 8.299995 8.299995 
9.482570 8.584827 8.299995 8.299995 8.299995 8.299995 
9.481636 8.584196 8.299995 8.299995 8.299995 8.299995 
9.483498 8.578165 8.299995 8.299995 8.299995 8.299995 
9.483663 8.582523 8.299995 8.299995 8.299995 8.299995 
9.483751 8.586154 8.299995 8.299995 8.299995 8.299995 
9.483161 8.580595 8.299995 8.299995 8.299995 8.299995 
9.480034 8.573511 8.299995 8.299995 8.299995 8.299995 
9.478859 8.582326 8.299995 8.299995 8.299995 8.299995 
9.480221 8.586415 8.299995 8.299995 8.299995 8.299995 
9.481297 8.581555 8.299995 8.299995 8.299995 8.299995 
9.478960 8.575164 8.299995 8.299995 8.299995 8.299995 
9.479632 8.578298 8.299995 8.299995 8.299995 8.299995 
9.480916 8.577623 8.299995 8.299995 8.299995 8.299995 
9.478425 8.584277 8.299995 8.299995 8.299995 8.299995 
9.481701 8.592531 8.299995 8.299995 8.299995 8.299995 
9.482533 8.586770 8.299995 8.299995 8.299995 8.299995 
9.480520 8.586842 8.299995 8.299995 8.299995 8.299995 
9.482979 8.578546 8.299995 8.299995 8.299995 8.299995 
9.481451 8.584078 8.299995 8.299995 8.299995 8.299995 
9.479576 8.585544 8.299995 8.299995 8.299995 8.299995 
9.478292 8.585382 8.299995 8.299995 8.299995 8.299995 
9.479111 8.584523 8.299995 8.299995 8.299995 8.299995 
9.482006 8.578359 8.299995 8.299995 8.299995 8.299995 
9.482781 8.582637 8.299995 8.299995 8.299995 8.299995 
9.483231 8.586220 8.299995 8.299995 8.299995 8.299995 
9.482853 8.580634 8.299995 8.299995 8.299995 8.299995 
9.479852 8.573534 8.299995 8.299995 8.299995 8.299995 
9.478752 8.582339 8.299995 8.299995 8.299995 8.299995 
9.480158 8.586424 8.299995 8.299995 8.299995 8.299995 
9.481260 8.581560 8.299995 8.299995 8.299995 8.299995 
9.478939 8.575167 8.299995 8.299995 8.299995 8.299995 
9.479621 8.578298 8.299995 8.299995 8.299995 8.299995 
9.480908 8.577623 8.299995 8.299995 8.299995 8.299995 
9.478421 8.584277 8.299995 8.299995 8.299995 8.299995 
9.481699 8.592531 8.299995 8.299995 8.299995 8.299995 
9.482531 8.586770 8.299995 8.299995 8.299995 8.299995 
9.480519 8.586842 8.299995 8.299995 8.299995 8.299995 
9.482978 8.578546 8.299995 8.299995 8.299995 8.299995 
9.481450 8.584078 8.299995 8.299995 8.299995 8.299995 
9.479576 8.585544 8.299995 8.299995 8.299995 8.299995 
9.477860 8.582500 8.299995 8.299995 8.299995 8.299995 
9.474561 8.575933 8.299995 8.299995 8.299995 8.299995 
9.474710 8.564900 8.299995 8.299995 8.299995 8.299995 
9.476274 8.570801 8.299995 8.299995 8.299995 8.299995 
9.476748 8.575932 8.299995 8.299995 8.299995 8.299995 
9.480051 8.563879 8.299995 8.299995 8.299995 8.299995 
9.478914 8.567803 8.299995 8.299995 8.299995 8.299995 
9.478849 8.575669 8.299995 8.299995 8.299995 8.299995 
9.480532 8.563895 8.299995 8.299995 8.299995 8.299995 
9.481041 8.568680 8.299995 8.299995 8.299995 8.299995 
9.481682 8.572635 8.299995 8.299995 8.299995 8.299995 
9.481319 8.579446 8.299995 8.299995 8.299995 8.299995 
9.481285 8.583054 8.299995 8.299995 8.299995 8.299995 
9.482822 8.591924 8.299995 8.299995 8.299995 8.299995 
9.481821 8.589092 8.299995 8.299995 8.299995 8.299995 
9.483015 8.589147 8.299995 8.299995 8.299995 8.299995 
9.483171 8.583290 8.299995 8.299995 8.299995 8.299995 
9.480107 8.574972 8.299995 8.299995 8.299995 8.299995 
9.477205 8.578631 8.299995 8.299995 8.299995 8.299995 
9.477995 8.580422 8.299995 8.299995 8.299995 8.299995 
9.477685 8.584244 8.299995 8.299995 8.299995 8.299995 
9.474456 8.576962 8.299995 8.299995 8.299995 8.299995 
9.474648 8.565508 8.299995 8.299995 8.299995 8.299995 
9.476237 8.571158 8.299995 8.299995 8.299995 8.299995 
9.476725 8.576143 8.299995 8.299995 8.299995 8.299995 
9.480038 8.564003 8.299995 8.299995 8.299995 8.299995 
9.478907 8.567878 8.299995 8.299995 8.299995 8.299995 
9.478846 8.575713 8.299995 8.299995 8.299995 8.299995 
9.480529 8.563922 8.299995 8.299995 8.299995 8.299995 
9.481040 8.568696 8.299995 8.299995 8.299995 8.299995 
9.481681 8.572644 8.299995 8.299995 8.299995 8.299995 
9.481319 8.579452 8.299995 8.299995 8.299995 8.299995 
9.481285 8.583056 8.299995 8.299995 8.299995 8.299995 
9.482822 8.591926 8.299995 8.299995 8.299995 8.299995 
9.481821 8.589094 8.299995 8.299995 8.299995 8.299995 
9.483015 8.589148 8.299995 8.299995 8.299995 8.299995 
9.483171 8.583291 8.299995 8.299995 8.299995 8.299995 
9.480107 8.574973 8.299995 8.299995 8.299995 8.299995 
9.477205 8.578632 8.299995 8.299995 8.299995 8.299995 
9.477995 8.580423 8.299995 8.299995 8.299995 8.299995 
9.479427 8.585746 8.299995 8.299995 8.299995 8.299995 
9.480382 8.605893 8.299995 8.299995 8.299995 8.299995 
9.477829 8.607761 8.299995 8.299995 8.299995 8.299995 
9.476227 8.597144 8.299995 8.299995 8.299995 8.299995 
9.479322 8.592873 8.299995 8.299995 8.299995 8.299995 
9.481172 8.583771 8.299995 8.299995 8.299995 8.299995 
9.477565 8.584860 8.299995 8.299995 8.299995 8.299995 
9.477897 8.583854 8.299995 8.299995 8.299995 8.299995 
9.479820 8.583309 8.299995 8.299995 8.299995 8.299995 
9.483386 8.575760 8.299995 8.299995 8.299995 8.299995 
9.482150 8.576063 8.299995 8.299995 8.299995 8.299995 
9.479131 8.574768 8.299995 8.299995 8.299995 8.299995 
9.480949 8.579032 8.299995 8.299995 8.299995 8.299995 
9.480878 8.577119 8.299995 8.299995 8.299995 8.299995 
9.480272 8.583093 8.299995 8.299995 8.299995 8.299995 
9.481513 8.595877 8.299995 8.299995 8.299995 8.299995 
9.481861 8.588881 8.299995 8.299995 8.299995 8.299995 
9.477234 8.584823 8.299995 8.299995 8.299995 8.299995 
9.476366 8.592132 8.299995 8.299995 8.299995 8.299995 
9.478997 8.583647 8.299995 8.299995 8.299995 8.299995 
9.479509 8.573452 8.299995 8.299995 8.299995 8.299995 
9.481129 8.572927 8.299995 8.299995 8.299995 8.299995 
9.483007 8.576535 8.299995 8.299995 8.299995 8.299995 
9.482198 8.569439 8.299995 8.299995 8.299995 8.299995 
9.479554 8.575945 8.299995 8.299995 8.299995 8.299995 
9.481481 8.581749 8.299995 8.299995 8.299995 8.299995 
9.480968 8.578270 8.299995 8.299995 8.299995 8.299995 
9.486770 8.579048 8.299995 8.299995 8.299995 8.299995 
9.483386 8.585085 8.299995 8.299995 8.299995 8.299995 
9.480272 8.585733 8.299995 8.299995 8.299995 8.299995 
9.479561 8.586235 8.299995 8.299995 8.299995 8.299995 
9.480083 8.577499 8.299995 8.299995 8.299995 8.299995 
9.479624 8.582075 8.299995 8.299995 8.299995 8.299995 
9.482282 8.590513 8.299995 8.299995 8.299995 8.299995 
9.483022 8.584899 8.299995 8.299995 8.299995 8.299995 
9.482379 8.585259 8.299995 8.299995 8.299995 8.299995 
9.481708 8.585086 8.299995 8.299995 8.299995 8.299995 
9.482403 8.577082 8.299995 8.299995 8.299995 8.299995 
9.479762 8.584375 8.299995 8.299995 8.299995 8.299995 
9.480862 8.582437 8.299995 8.299995 8.299995 8.299995 
9.480078 8.584924 8.299995 8.299995 8.299995 8.299995 
9.481462 8.579700 8.299995 8.299995 8.299995 8.299995 
9.483204 8.580535 8.299995 8.299995 8.299995 8.299995 
9.482314 8.571802 8.299995 8.299995 8.299995 8.299995 
9.479623 8.577341 8.299995 8.299995 8.299995 8.299995 
9.481521 8.582573 8.299995 8.299995 8.299995 8.299995 
9.480991 8.578756 8.299995 8.299995 8.299995 8.299995 
9.486784 8.579335 8.299995 8.299995 8.299995 8.299995 
9.483394 8.585256 8.299995 8.299995 8.299995 8.299995 
9.480276 8.585835 8.299995 8.299995 8.299995 8.299995 
9.479563 8.586294 8.299995 8.299995 8.299995 8.299995 
9.480084 8.577535 8.299995 8.299995 8.299995 8.299995 
9.479625 8.582095 8.299995 8.299995 8.299995 8.299995 
9.482283 8.590527 8.299995 8.299995 8.299995 8.299995 
9.483023 8.584908 8.299995 8.299995 8.299995 8.299995 
9.482380 8.585265 8.299995 8.299995 8.299995 8.299995 
9.481708 8.585090 8.299995 8.299995 8.299995 8.299995 
9.482403 8.577085 8.299995 8.299995 8.299995 8.299995 
9.479762 8.584377 8.299995 8.299995 8.299995 8.299995 
9.480862 8.582438 8.299995 8.299995 8.299995 8.299995 
9.481175 8.588269 8.299995 8.299995 8.299995 8.299995 
9.482630 8.584082 8.299995 8.299995 8.299995 8.299995 
9.480120 8.585663 8.299995 8.299995 8.299995 8.299995 
9.479912 8.588501 8.299995 8.299995 8.299995 8.299995 
9.479156 8.584786 8.299995 8.299995 8.299995 8.299995 
9.478158 8.586243 8.299995 8.299995 8.299995 8.299995 
9.482012 8.579824 8.299995 8.299995 8.299995 8.299995 
9.480041 8.589266 8.299995 8.299995 8.299995 8.299995 
9.481689 8.584012 8.299995 8.299995 8.299995 8.299995 
9.480180 8.581138 8.299995 8.299995 8.299995 8.299995 
9.480453 8.578827 8.299995 8.299995 8.299995 8.299995 
9.481085 8.580919 8.299995 8.299995 8.299995 8.299995 
9.481380 8.569977 8.299995 8.299995 8.299995 8.299995 
9.480736 8.576107 8.299995 8.299995 8.299995 8.299995 
9.481752 8.578815 8.299995 8.299995 8.299995 8.299995 
9.484143 8.585773 8.299995 8.299995 8.299995 8.299995 
9.484928 8.585517 8.299995 8.299995 8.299995 8.299995 
9.483721 8.587599 8.299995 8.299995 8.299995 8.299995 
9.482208 8.583035 8.299995 8.299995 8.299995 8.299995 
9.483312 8.576884 8.299995 8.299995 8.299995 8.299995 
9.483695 8.582152 8.299995 8.299995 8.299995 8.299995 
9.484118 8.580470 8.299995 8.299995 8.299995 8.299995 
9.480997 8.583530 8.299995 8.299995 8.299995 8.299995 
9.480429 8.587242 8.299995 8.299995 8.299995 8.299995 
9.479462 8.584044 8.299995 8.299995 8.299995 8.299995 
9.478337 8.585804 8.299995 8.299995 8.299995 8.299995 
9.482118 8.579565 8.299995 8.299995 8.299995 8.299995 
9.480103 8.589112 8.299995 8.299995 8.299995 8.299995 
9.481727 8.583922 8.299995 8.299995 8.299995 8.299995 
9.480202 8.581085 8.299995 8.299995 8.299995 8.299995 
9.480465 8.578796 8.299995 8.299995 8.299995 8.299995 
9.481092 8.580902 8.299995 8.299995 8.299995 8.299995 
9.481386 8.569965 8.299995 8.299995 8.299995 8.299995 
9.480740 8.576100 8.299995 8.299995 8.299995 8.299995 
9.481754 8.578812 8.299995 8.299995 8.299995 8.299995 
9.484144 8.585772 8.299995 8.299995 8.299995 8.299995 
9.484929 8.585515 8.299995 8.299995 8.299995 8.299995 
9.483721 8.587599 8.299995 8.299995 8.299995 8.299995 
9.482208 8.583035 8.299995 8.299995 8.299995 8.299995 
9.483312 8.576884 8.299995 8.299995 8.299995 8.299995 
9.482739 8.588409 8.299995 8.299995 8.299995 8.299995 
9.481857 8.569049 8.299995 8.299995 8.299995 8.299995 
9.480882 8.588321 8.299995 8.299995 8.299995 8.299995 
9.481533 8.586745 8.299995 8.299995 8.299995 8.299995 
9.483782 8.577174 8.299995 8.299995 8.299995 8.299995 
9.484606 8.576035 8.299995 8.299995 8.299995 8.299995 
9.481549 8.588538 8.299995 8.299995 8.299995 8.299995 
9.481764 8.583179 8.299995 8.299995 8.299995 8.299995 
9.482164 8.575541 8.299995 8.299995 8.299995 8.299995 
9.483053 8.583345 8.299995 8.299995 8.299995 8.299995 
9.481869 8.586375 8.299995 8.299995 8.299995 8.299995 
9.480581 8.586444 8.299995 8.299995 8.299995 8.299995 
9.480515 8.586581 8.299995 8.299995 8.299995 8.299995 
9.479952 8.587296 8.299995 8.299995 8.299995 8.299995 
9.482841 8.583735 8.299995 8.299995 8.299995 8.299995 
9.481099 8.582848 8.299995 8.299995 8.299995 8.299995 
9.477943 8.582121 8.299995 8.299995 8.299995 8.299995 
9.480364 8.585037 8.299995 8.299995 8.299995 8.299995 
9.481744 8.591475 8.299995 8.299995 8.299995 8.299995 
9.481250 8.591298 8.299995 8.299995 8.299995 8.299995 
9.481037 8.585454 8.299995 8.299995 8.299995 8.299995 
9.480851 8.567304 8.299995 8.299995 8.299995 8.299995 
9.480288 8.587290 8.299995 8.299995 8.299995 8.299995 
9.481182 8.586138 8.299995 8.299995 8.299995 8.299995 
9.483574 8.576817 8.299995 8.299995 8.299995 8.299995 
9.484483 8.575822 8.299995 8.299995 8.299995 8.299995 
9.481475 8.588412 8.299995 8.299995 8.299995 8.299995 
9.481721 8.583104 8.299995 8.299995 8.299995 8.299995 
9.482141 8.575498 8.299995 8.299995 8.299995 8.299995 
9.483038 8.583319 8.299995 8.299995 8.299995 8.299995 
9.481860 8.586360 8.299995 8.299995 8.299995 8.299995 
9.480577 8.586435 8.299995 8.299995 8.299995 8.299995 
9.480511 8.586576 8.299995 8.299995 8.299995 8.299995 
9.479949 8.587294 8.299995 8.299995 8.299995 8.299995 
9.482840 8.583735 8.299995 8.299995 8.299995 8.299995 
9.481099 8.582847 8.299995 8.299995 8.299995 8.299995 
9.477943 8.582121 8.299995 8.299995 8.299995 8.299995 
9.480364 8.585037 8.299995 8.299995 8.299995 8.299995 
9.481744 8.591475 8.299995 8.299995 8.299995 8.299995 
9.481250 8.591298 8.299995 8.299995 8.299995 8.299995 
9.481474 8.580234 8.299995 8.299995 8.299995 8.299995 
9.478003 8.583614 8.299995 8.299995 8.299995 8.299995 
9.475153 8.586455 8.299995 8.299995 8.299995 8.299995 
9.477997 8.581439 8.299995 8.299995 8.299995 8.299995 
9.478537 8.579298 8.299995 8.299995 8.299995 8.299995 
9.478542 8.588844 8.299995 8.299995 8.299995 8.299995 
9.480032 8.586939 8.299995 8.299995 8.299995 8.299995 
9.479253 8.588261 8.299995 8.299995 8.299995 8.299995 
9.482231 8.589838 8.299995 8.299995 8.299995 8.299995 
9.479421 8.585175 8.299995 8.299995 8.299995 8.299995 
9.477525 8.588923 8.299995 8.299995 8.299995 8.299995 
9.476309 8.585825 8.299995 8.299995 8.299995 8.299995 
9.478703 8.586421 8.299995 8.299995 8.299995 8.299995 
9.477912 8.590657 8.299995 8.299995 8.299995 8.299995 
9.478086 8.601964 8.299995 8.299995 8.299995 8.299995 
9.479456 8.591147 8.299995 8.299995 8.299995 8.299995 
9.480167 8.583899 8.299995 8.299995 8.299995 8.299995 
9.478656 8.583562 8.299995 8.299995 8.299995 8.299995 
9.480355 8.569725 8.299995 8.299995 8.299995 8.299995 
9.479365 8.579708 8.299995 8.299995 8.299995 8.299995 
9.478722 8.573980 8.299995 8.299995 8.299995 8.299995 
9.476377 8.579922 8.299995 8.299995 8.299995 8.299995 
9.474194 8.584274 8.299995 8.299995 8.299995 8.299995 
9.477429 8.580151 8.299995 8.299995 8.299995 8.299995 
9.478203 8.578538 8.299995 8.299995 8.299995 8.299995 
9.478344 8.588395 8.299995 8.299995 8.299995 8.299995 
9.479915 8.586674 8.299995 8.299995 8.299995 8.299995 
9.479183 8.588103 8.299995 8.299995 8.299995 8.299995 
9.482189 8.589746 8.299995 8.299995 8.299995 8.299995 
9.479397 8.585120 8.299995 8.299995 8.299995 8.299995 
9.477510 8.588890 8.299995 8.299995 8.299995 8.299995 
9.476299 8.585806 8.299995 8.299995 8.299995 8.299995 
9.478697 8.586410 8.299995 8.299995 8.299995 8.299995 
9.477909 8.590651 8.299995 8.299995 8.299995 8.299995 
9.478085 8.601960 8.299995 8.299995 8.299995 8.299995 
9.479455 8.591145 8.299995 8.299995 8.299995 8.299995 
9.480166 8.583897 8.299995 8.299995 8.299995 8.299995 
9.478655 8.583560 8.299995 8.299995 8.299995 8.299995 
9.480354 8.569725 8.299995 8.299995 8.299995 8.299995 
9.479364 8.