22.500000 11.625000 0.000000 0.000000 0.000000 0.000000 1700244608.000000
22.625000 8.750000 0.000000 0.000000 0.000000 0.000000 1700244608.000000
22.687500 13.437500 0.000000 0.000000 0.000000 0.000000 1700244608.000000
22.687500 9.812500 0.000000 0.000000 0.000000 0.000000 1700244608.000000
22.500000 15.812500 0.000000 0.000000 0.000000 0.000000 1700244608.000000
22.500000 15.937500 0.000000 0.000000 0.000000 0.000000 1700244608.000000
22.375000 11.375000 0.000000 0.000000 0.000000 0.000000 1700244608.000000
22.562500 14.000000 0.000000 0.000000 0.000000 0.000000 1700244608.000000
22.625000 18.125000 0.000000 0.000000 0.000000 0.000000 1700244608.000000
22.562500 7.687500 0.000000 0.000000 0.000000 0.000000 1700244608.000000
22.687500 12.250000 0.000000 0.000000 0.000000 0.000000 1700244608.000000
22.437500 16.312500 0.000000 0.000000 0.000000 0.000000 1700244608.000000
22.562500 12.000000 0.000000 0.000000 0.000000 0.000000 1700244608.000000
22.375000 11.750000 0.000000 0.000000 0.000000 0.000000 1700244608.000000
22.375000 13.000000 0.000000 0.000000 0.000000 0.000000 1700244608.000000
22.500000 11.375000 0.000000 0.000000 0.000000 0.000000 1700244608.000000
22.562500 13.000000 0.000000 0.000000 0.000000 0.000000 1700244608.000000
22.500000 11.625000 0.000000 0.000000 0.000000 0.000000 1700244608.000000
22.625000 12.187500 0.000000 0.000000 0.000000 0.000000 1700244608.000000
22.375000 11.062500 0.000000 0.000000 0.000000 0.000000 1700244608.000000
22.500000 12.437500 0.000000 0.000000 0.000000 0.000000 1700244608.000000
22.500000 11.937500 0.000000 0.000000 0.000000 0.000000 1700244608.000000
